{"cells":[{"cell_type":"code","source":["#/FileStore/parquet/1_tfm_kdd_train\n#/FileStore/parquet/2_tfm_kdd_test\n#/FileStore/parquet/3_tfm_kdd_test\n#/FileStore/parquet/4_tfm_kdd_test\n#/FileStore/parquet/5_tfm_kdd_test\n#/FileStore/parquet/6_tfm_kdd_test\n#/FileStore/parquet/7_tfm_kdd_test\n#/FileStore/parquet/8_tfm_kdd_test\n#/FileStore/parquet/9_tfm_kdd_test\n#/FileStore/parquet/10_tfm_kdd_test\nkdd_data = spark.read.load(\"/FileStore/parquet/1_tfm_kdd_train\")"],"metadata":{},"outputs":[{"metadata":{},"output_type":"display_data","data":{"text/html":["<style scoped>\n  .ansiout {\n    display: block;\n    unicode-bidi: embed;\n    white-space: pre-wrap;\n    word-wrap: break-word;\n    word-break: break-all;\n    font-family: \"Source Code Pro\", \"Menlo\", monospace;;\n    font-size: 13px;\n    color: #555;\n    margin-left: 4px;\n    line-height: 19px;\n  }\n</style>\n<div class=\"ansiout\"></div>"]}}],"execution_count":1},{"cell_type":"code","source":["cols = kdd_data.columns\ncategoricalColumns = ['protocol_type', 'service', 'flag']\n\n#Removingh unsignificant columns\n#removing the var with mean = 0, max = 0 and min = 0 \"num_outbound_cmds\"\ndef Diff(li1, li2): \n  li_dif = [i for i in li1 + li2 if i not in li1 or i not in li2]\n  return li_dif\n\ntarget = \"type\"\ntarget_bin = \"type_normal\"\n\ntarget_columns = [ target, target_bin]\ncategoricalColumns = ['protocol_type', 'service', 'flag']\n#columnsToRemoveAfterEDA = ['num_outbound_cmds', 'is_host_login']\ncolumnsToRemoveAfterEDA = ['num_outbound_cmds']\n\nnumericCols=Diff(cols, categoricalColumns + target_columns + columnsToRemoveAfterEDA )\nprint (numericCols)\n"],"metadata":{},"outputs":[{"metadata":{},"output_type":"display_data","data":{"text/html":["<style scoped>\n  .ansiout {\n    display: block;\n    unicode-bidi: embed;\n    white-space: pre-wrap;\n    word-wrap: break-word;\n    word-break: break-all;\n    font-family: \"Source Code Pro\", \"Menlo\", monospace;;\n    font-size: 13px;\n    color: #555;\n    margin-left: 4px;\n    line-height: 19px;\n  }\n</style>\n<div class=\"ansiout\">[&apos;duration&apos;, &apos;src_bytes&apos;, &apos;dst_bytes&apos;, &apos;land&apos;, &apos;wrong_fragment&apos;, &apos;urgent&apos;, &apos;hot&apos;, &apos;num_failed_logins&apos;, &apos;logged_in&apos;, &apos;num_compromised&apos;, &apos;root_shell&apos;, &apos;su_attempted&apos;, &apos;num_root&apos;, &apos;num_file_creations&apos;, &apos;num_shells&apos;, &apos;num_access_files&apos;, &apos;is_host_login&apos;, &apos;is_guest_login&apos;, &apos;count&apos;, &apos;srv_count&apos;, &apos;serror_rate&apos;, &apos;srv_serror_rate&apos;, &apos;rerror_rate&apos;, &apos;srv_rerror_rate&apos;, &apos;same_srv_rate&apos;, &apos;diff_srv_rate&apos;, &apos;srv_diff_host_rate&apos;, &apos;dst_host_count&apos;, &apos;dst_host_srv_count&apos;, &apos;dst_host_same_srv_rate&apos;, &apos;dst_host_diff_srv_rate&apos;, &apos;dst_host_same_src_port_rate&apos;, &apos;dst_host_srv_diff_host_rate&apos;, &apos;dst_host_serror_rate&apos;, &apos;dst_host_srv_serror_rate&apos;, &apos;dst_host_rerror_rate&apos;, &apos;dst_host_srv_rerror_rate&apos;]\n</div>"]}}],"execution_count":2},{"cell_type":"code","source":["#Searching for correlation between numeric variables\nfrom pyspark.ml.stat import Correlation\nfrom pyspark.ml import Pipeline\nfrom pyspark.ml.feature import VectorAssembler, StandardScaler, StringIndexer\nimport numpy as np\n\ndf_to_correlate = kdd_data.select(numericCols + [target_bin])\n\nstages_correlated = []\n\nlabel_stringIdx = StringIndexer(inputCol = target_bin, outputCol = 'label')\nstages_correlated += [label_stringIdx]\n\n#vectorizing the numerical vars\nassemblerInputs_correlated = numericCols + ['label']\nassembler = VectorAssembler(inputCols=assemblerInputs_correlated, outputCol=\"features\")\nstages_correlated += [assembler]\n\n#appliying the pipeline\npipeline = Pipeline(stages = stages_correlated)\npipelineModel = pipeline.fit(df_to_correlate)\n\ndf_to_correlate = pipelineModel.transform(df_to_correlate)\nselectedCols = ['features','label']\ndf_to_correlate = df_to_correlate.select(selectedCols)\n\n"],"metadata":{},"outputs":[{"metadata":{},"output_type":"display_data","data":{"text/html":["<style scoped>\n  .ansiout {\n    display: block;\n    unicode-bidi: embed;\n    white-space: pre-wrap;\n    word-wrap: break-word;\n    word-break: break-all;\n    font-family: \"Source Code Pro\", \"Menlo\", monospace;;\n    font-size: 13px;\n    color: #555;\n    margin-left: 4px;\n    line-height: 19px;\n  }\n</style>\n<div class=\"ansiout\"></div>"]}}],"execution_count":3},{"cell_type":"code","source":["#Correlation between numerical variables\nr1 = Correlation.corr(df_to_correlate, \"features\")\nprint(\"Pearson correlation matrix:\\n\" + str(r1[0]))\n\nmatrix = r1.collect()[0][0]\ncorrmatrix = matrix.toArray().round(3).tolist()\nprint(corrmatrix)\n\ndf = spark.createDataFrame(corrmatrix, numericCols + ['label'])\ndisplay(df)"],"metadata":{},"outputs":[{"metadata":{},"output_type":"display_data","data":{"text/html":["<style scoped>\n  .table-result-container {\n    max-height: 300px;\n    overflow: auto;\n  }\n  table, th, td {\n    border: 1px solid black;\n    border-collapse: collapse;\n  }\n  th, td {\n    padding: 5px;\n  }\n  th {\n    text-align: left;\n  }\n</style><div class='table-result-container'><table class='table-result'><thead style='background-color: white'><tr><th>duration</th><th>src_bytes</th><th>dst_bytes</th><th>land</th><th>wrong_fragment</th><th>urgent</th><th>hot</th><th>num_failed_logins</th><th>logged_in</th><th>num_compromised</th><th>root_shell</th><th>su_attempted</th><th>num_root</th><th>num_file_creations</th><th>num_shells</th><th>num_access_files</th><th>is_host_login</th><th>is_guest_login</th><th>count</th><th>srv_count</th><th>serror_rate</th><th>srv_serror_rate</th><th>rerror_rate</th><th>srv_rerror_rate</th><th>same_srv_rate</th><th>diff_srv_rate</th><th>srv_diff_host_rate</th><th>dst_host_count</th><th>dst_host_srv_count</th><th>dst_host_same_srv_rate</th><th>dst_host_diff_srv_rate</th><th>dst_host_same_src_port_rate</th><th>dst_host_srv_diff_host_rate</th><th>dst_host_serror_rate</th><th>dst_host_srv_serror_rate</th><th>dst_host_rerror_rate</th><th>dst_host_srv_rerror_rate</th><th>label</th></tr></thead><tbody><tr><td>1.0</td><td>0.047</td><td>0.019</td><td>-0.0</td><td>-0.003</td><td>0.005</td><td>0.003</td><td>0.011</td><td>-0.121</td><td>0.053</td><td>0.028</td><td>0.056</td><td>0.053</td><td>0.112</td><td>-0.002</td><td>0.023</td><td>-0.0</td><td>-0.001</td><td>-0.057</td><td>-0.04</td><td>-0.049</td><td>-0.049</td><td>0.043</td><td>0.044</td><td>0.03</td><td>0.068</td><td>-0.044</td><td>0.074</td><td>-0.143</td><td>-0.152</td><td>0.431</td><td>0.34</td><td>-0.036</td><td>-0.048</td><td>-0.048</td><td>0.029</td><td>0.042</td><td>-0.017</td></tr><tr><td>0.047</td><td>1.0</td><td>0.0</td><td>-0.0</td><td>-0.0</td><td>-0.0</td><td>0.0</td><td>-0.0</td><td>-0.002</td><td>-0.0</td><td>-0.0</td><td>-0.0</td><td>-0.0</td><td>0.0</td><td>-0.0</td><td>-0.0</td><td>-0.0</td><td>-0.0</td><td>-0.002</td><td>-0.001</td><td>-0.001</td><td>-0.001</td><td>0.006</td><td>0.006</td><td>0.002</td><td>-0.001</td><td>-0.001</td><td>-0.002</td><td>-0.003</td><td>-0.003</td><td>0.001</td><td>0.001</td><td>-0.0</td><td>-0.001</td><td>-0.001</td><td>-0.0</td><td>0.005</td><td>0.003</td></tr><tr><td>0.019</td><td>0.0</td><td>1.0</td><td>-0.0</td><td>-0.0</td><td>0.0</td><td>-0.0</td><td>0.0</td><td>-0.001</td><td>0.002</td><td>0.001</td><td>0.001</td><td>0.002</td><td>0.0</td><td>-0.0</td><td>0.0</td><td>-0.0</td><td>-0.0</td><td>-0.002</td><td>-0.001</td><td>-0.002</td><td>-0.002</td><td>0.004</td><td>0.004</td><td>0.002</td><td>-0.001</td><td>-0.001</td><td>0.0</td><td>-0.001</td><td>-0.001</td><td>0.006</td><td>0.006</td><td>-0.0</td><td>-0.002</td><td>-0.002</td><td>0.005</td><td>0.005</td><td>0.002</td></tr><tr><td>-0.0</td><td>-0.0</td><td>-0.0</td><td>1.0</td><td>-0.0</td><td>-0.0</td><td>-0.0</td><td>-0.0</td><td>-0.006</td><td>-0.0</td><td>-0.0</td><td>-0.0</td><td>-0.0</td><td>-0.0</td><td>-0.0</td><td>-0.0</td><td>-0.0</td><td>-0.0</td><td>-0.003</td><td>-0.002</td><td>0.01</td><td>0.01</td><td>-0.001</td><td>-0.001</td><td>0.002</td><td>0.001</td><td>0.012</td><td>-0.008</td><td>-0.007</td><td>0.003</td><td>-0.001</td><td>0.018</td><td>0.061</td><td>0.01</td><td>0.006</td><td>-0.001</td><td>-0.001</td><td>0.005</td></tr><tr><td>-0.003</td><td>-0.0</td><td>-0.0</td><td>-0.0</td><td>1.0</td><td>-0.0</td><td>-0.002</td><td>-0.0</td><td>-0.041</td><td>-0.0</td><td>-0.001</td><td>-0.0</td><td>-0.0</td><td>-0.001</td><td>-0.001</td><td>-0.002</td><td>-0.0</td><td>-0.002</td><td>0.003</td><td>0.037</td><td>-0.009</td><td>-0.015</td><td>-0.009</td><td>-0.009</td><td>0.012</td><td>-0.006</td><td>-0.011</td><td>0.02</td><td>-0.028</td><td>-0.029</td><td>0.04</td><td>0.025</td><td>-0.005</td><td>-0.013</td><td>-0.015</td><td>0.017</td><td>-0.009</td><td>0.055</td></tr><tr><td>0.005</td><td>-0.0</td><td>0.0</td><td>-0.0</td><td>-0.0</td><td>1.0</td><td>0.004</td><td>0.039</td><td>0.002</td><td>0.04</td><td>0.11</td><td>0.162</td><td>0.069</td><td>0.014</td><td>0.004</td><td>0.028</td><td>-0.0</td><td>-0.0</td><td>-0.001</td><td>-0.001</td><td>-0.001</td><td>-0.001</td><td>-0.001</td><td>-0.001</td><td>0.001</td><td>-0.001</td><td>-0.001</td><td>-0.002</td><td>-0.003</td><td>-0.003</td><td>0.002</td><td>0.0</td><td>0.002</td><td>-0.001</td><td>-0.001</td><td>-0.001</td><td>-0.001</td><td>-0.001</td></tr><tr><td>0.003</td><td>0.0</td><td>-0.0</td><td>-0.0</td><td>-0.002</td><td>0.004</td><td>1.0</td><td>0.004</td><td>0.041</td><td>0.001</td><td>0.016</td><td>0.001</td><td>0.0</td><td>0.025</td><td>0.001</td><td>-0.001</td><td>0.001</td><td>0.804</td><td>-0.03</td><td>-0.022</td><td>-0.026</td><td>-0.026</td><td>-0.015</td><td>-0.014</td><td>0.028</td><td>0.002</td><td>-0.019</td><td>-0.011</td><td>-0.055</td><td>-0.043</td><td>0.009</td><td>-0.014</td><td>-0.018</td><td>-0.025</td><td>-0.026</td><td>-0.014</td><td>-0.014</td><td>-0.009</td></tr><tr><td>0.011</td><td>-0.0</td><td>0.0</td><td>-0.0</td><td>-0.0</td><td>0.039</td><td>0.004</td><td>1.0</td><td>-0.006</td><td>0.057</td><td>0.021</td><td>0.075</td><td>0.051</td><td>0.02</td><td>-0.0</td><td>0.002</td><td>-0.0</td><td>0.005</td><td>-0.006</td><td>-0.004</td><td>-0.004</td><td>-0.004</td><td>0.013</td><td>0.013</td><td>0.006</td><td>-0.003</td><td>-0.005</td><td>-0.008</td><td>-0.013</td><td>-0.004</td><td>0.001</td><td>-0.001</td><td>-0.001</td><td>-0.003</td><td>-0.003</td><td>0.01</td><td>0.011</td><td>0.004</td></tr><tr><td>-0.121</td><td>-0.002</td><td>-0.001</td><td>-0.006</td><td>-0.041</td><td>0.002</td><td>0.041</td><td>-0.006</td><td>1.0</td><td>0.005</td><td>0.013</td><td>0.007</td><td>0.009</td><td>0.016</td><td>0.014</td><td>0.045</td><td>0.001</td><td>0.047</td><td>-0.63</td><td>-0.091</td><td>-0.628</td><td>-0.628</td><td>-0.376</td><td>-0.37</td><td>0.723</td><td>-0.273</td><td>0.151</td><td>-0.399</td><td>0.728</td><td>0.731</td><td>-0.337</td><td>-0.157</td><td>-0.012</td><td>-0.628</td><td>-0.629</td><td>-0.362</td><td>-0.351</td><td>-0.732</td></tr><tr><td>0.053</td><td>-0.0</td><td>0.002</td><td>-0.0</td><td>-0.0</td><td>0.04</td><td>0.001</td><td>0.057</td><td>0.005</td><td>1.0</td><td>0.348</td><td>0.705</td><td>0.993</td><td>0.011</td><td>0.002</td><td>0.286</td><td>0.002</td><td>-0.0</td><td>-0.004</td><td>-0.003</td><td>-0.001</td><td>-0.001</td><td>-0.001</td><td>-0.001</td><td>0.004</td><td>-0.002</td><td>-0.003</td><td>-0.003</td><td>-0.009</td><td>-0.006</td><td>0.006</td><td>0.0</td><td>0.009</td><td>-0.001</td><td>-0.001</td><td>-0.001</td><td>-0.001</td><td>-0.003</td></tr><tr><td>0.028</td><td>-0.0</td><td>0.001</td><td>-0.0</td><td>-0.001</td><td>0.11</td><td>0.016</td><td>0.021</td><td>0.013</td><td>0.348</td><td>1.0</td><td>0.444</td><td>0.357</td><td>0.037</td><td>0.045</td><td>0.134</td><td>-0.0</td><td>-0.001</td><td>-0.008</td><td>-0.001</td><td>-0.007</td><td>-0.007</td><td>-0.003</td><td>-0.003</td><td>0.009</td><td>-0.003</td><td>-0.005</td><td>-0.003</td><td>-0.002</td><td>0.002</td><td>0.0</td><td>-0.0</td><td>0.011</td><td>-0.007</td><td>-0.006</td><td>-0.003</td><td>-0.004</td><td>-0.005</td></tr><tr><td>0.056</td><td>-0.0</td><td>0.001</td><td>-0.0</td><td>-0.0</td><td>0.162</td><td>0.001</td><td>0.075</td><td>0.007</td><td>0.705</td><td>0.444</td><td>1.0</td><td>0.718</td><td>0.025</td><td>0.004</td><td>0.258</td><td>-0.0</td><td>-0.001</td><td>-0.005</td><td>-0.004</td><td>-0.002</td><td>-0.002</td><td>-0.001</td><td>-0.001</td><td>0.005</td><td>-0.001</td><td>-0.004</td><td>-0.003</td><td>-0.011</td><td>-0.009</td><td>0.006</td><td>-0.001</td><td>0.007</td><td>-0.001</td><td>-0.001</td><td>-0.001</td><td>-0.001</td><td>-0.005</td></tr><tr><td>0.053</td><td>-0.0</td><td>0.002</td><td>-0.0</td><td>-0.0</td><td>0.069</td><td>0.0</td><td>0.051</td><td>0.009</td><td>0.993</td><td>0.357</td><td>0.718</td><td>1.0</td><td>0.01</td><td>0.002</td><td>0.295</td><td>0.002</td><td>-0.001</td><td>-0.006</td><td>-0.005</td><td>-0.004</td><td>-0.004</td><td>-0.003</td><td>-0.003</td><td>0.006</td><td>-0.001</td><td>-0.004</td><td>-0.005</td><td>-0.013</td><td>-0.01</td><td>0.009</td><td>0.004</td><td>0.009</td><td>-0.003</td><td>-0.003</td><td>-0.002</td><td>-0.003</td><td>-0.006</td></tr><tr><td>0.112</td><td>0.0</td><td>0.0</td><td>-0.0</td><td>-0.001</td><td>0.014</td><td>0.025</td><td>0.02</td><td>0.016</td><td>0.011</td><td>0.037</td><td>0.025</td><td>0.01</td><td>1.0</td><td>0.012</td><td>0.082</td><td>-0.0</td><td>0.001</td><td>-0.011</td><td>-0.008</td><td>-0.009</td><td>-0.009</td><td>-0.004</td><td>-0.004</td><td>0.011</td><td>-0.003</td><td>-0.001</td><td>-0.008</td><td>-0.019</td><td>-0.016</td><td>0.008</td><td>0.0</td><td>0.004</td><td>-0.005</td><td>-0.006</td><td>-0.004</td><td>-0.003</td><td>-0.011</td></tr><tr><td>-0.002</td><td>-0.0</td><td>-0.0</td><td>-0.0</td><td>-0.001</td><td>0.004</td><td>0.001</td><td>-0.0</td><td>0.014</td><td>0.002</td><td>0.045</td><td>0.004</td><td>0.002</td><td>0.012</td><td>1.0</td><td>0.004</td><td>-0.0</td><td>-0.001</td><td>-0.009</td><td>-0.003</td><td>-0.009</td><td>-0.009</td><td>-0.006</td><td>-0.006</td><td>0.01</td><td>-0.002</td><td>-0.006</td><td>-0.006</td><td>-0.016</td><td>-0.013</td><td>0.002</td><td>0.023</td><td>-0.0</td><td>-0.009</td><td>-0.009</td><td>-0.005</td><td>-0.006</td><td>-0.009</td></tr><tr><td>0.023</td><td>-0.0</td><td>0.0</td><td>-0.0</td><td>-0.002</td><td>0.028</td><td>-0.001</td><td>0.002</td><td>0.045</td><td>0.286</td><td>0.134</td><td>0.258</td><td>0.295</td><td>0.082</td><td>0.004</td><td>1.0</td><td>-0.0</td><td>-0.003</td><td>-0.032</td><td>-0.017</td><td>-0.028</td><td>-0.028</td><td>-0.017</td><td>-0.013</td><td>0.032</td><td>-0.008</td><td>0.014</td><td>0.015</td><td>0.013</td><td>0.019</td><td>-0.004</td><td>-0.016</td><td>-0.013</td><td>-0.027</td><td>-0.027</td><td>-0.016</td><td>-0.017</td><td>-0.033</td></tr><tr><td>-0.0</td><td>-0.0</td><td>-0.0</td><td>-0.0</td><td>-0.0</td><td>-0.0</td><td>0.001</td><td>-0.0</td><td>0.001</td><td>0.002</td><td>-0.0</td><td>-0.0</td><td>0.002</td><td>-0.0</td><td>-0.0</td><td>-0.0</td><td>1.0</td><td>-0.0</td><td>-0.001</td><td>-0.0</td><td>0.001</td><td>0.002</td><td>-0.0</td><td>-0.0</td><td>-0.001</td><td>0.01</td><td>-0.001</td><td>0.001</td><td>-0.002</td><td>-0.002</td><td>-0.0</td><td>-0.0</td><td>-0.0</td><td>-0.001</td><td>0.002</td><td>-0.0</td><td>-0.0</td><td>-0.001</td></tr><tr><td>-0.001</td><td>-0.0</td><td>-0.0</td><td>-0.0</td><td>-0.002</td><td>-0.0</td><td>0.804</td><td>0.005</td><td>0.047</td><td>-0.0</td><td>-0.001</td><td>-0.001</td><td>-0.001</td><td>0.001</td><td>-0.001</td><td>-0.003</td><td>-0.0</td><td>1.0</td><td>-0.035</td><td>-0.025</td><td>-0.029</td><td>-0.029</td><td>-0.018</td><td>-0.018</td><td>0.031</td><td>0.005</td><td>-0.025</td><td>-0.016</td><td>-0.071</td><td>-0.057</td><td>0.014</td><td>-0.018</td><td>-0.022</td><td>-0.029</td><td>-0.03</td><td>-0.016</td><td>-0.017</td><td>-0.024</td></tr><tr><td>-0.057</td><td>-0.002</td><td>-0.002</td><td>-0.003</td><td>0.003</td><td>-0.001</td><td>-0.03</td><td>-0.006</td><td>-0.63</td><td>-0.004</td><td>-0.008</td><td>-0.005</td><td>-0.006</td><td>-0.011</td><td>-0.009</td><td>-0.032</td><td>-0.001</td><td>-0.035</td><td>1.0</td><td>0.263</td><td>0.729</td><td>0.733</td><td>0.168</td><td>0.159</td><td>-0.84</td><td>0.222</td><td>-0.239</td><td>0.457</td><td>-0.601</td><td>-0.663</td><td>0.149</td><td>-0.167</td><td>-0.202</td><td>0.729</td><td>0.735</td><td>0.169</td><td>0.162</td><td>0.832</td></tr><tr><td>-0.04</td><td>-0.001</td><td>-0.001</td><td>-0.002</td><td>0.037</td><td>-0.001</td><td>-0.022</td><td>-0.004</td><td>-0.091</td><td>-0.003</td><td>-0.001</td><td>-0.004</td><td>-0.005</td><td>-0.008</td><td>-0.003</td><td>-0.017</td><td>-0.0</td><td>-0.025</td><td>0.263</td><td>1.0</td><td>-0.037</td><td>-0.038</td><td>-0.071</td><td>-0.07</td><td>0.056</td><td>-0.064</td><td>-0.086</td><td>0.124</td><td>0.11</td><td>0.094</td><td>-0.09</td><td>0.026</td><td>-0.062</td><td>-0.037</td><td>-0.038</td><td>-0.065</td><td>-0.067</td><td>0.038</td></tr><tr><td>-0.049</td><td>-0.001</td><td>-0.002</td><td>0.01</td><td>-0.009</td><td>-0.001</td><td>-0.026</td><td>-0.004</td><td>-0.628</td><td>-0.001</td><td>-0.007</td><td>-0.002</td><td>-0.004</td><td>-0.009</td><td>-0.009</td><td>-0.028</td><td>0.001</td><td>-0.029</td><td>0.729</td><td>-0.037</td><td>1.0</td><td>0.997</td><td>-0.139</td><td>-0.14</td><td>-0.854</td><td>0.163</td><td>-0.213</td><td>0.43</td><td>-0.648</td><td>-0.706</td><td>0.08</td><td>-0.191</td><td>-0.184</td><td>0.996</td><td>0.995</td><td>-0.143</td><td>-0.143</td><td>0.848</td></tr><tr><td>-0.049</td><td>-0.001</td><td>-0.002</td><td>0.01</td><td>-0.015</td><td>-0.001</td><td>-0.026</td><td>-0.004</td><td>-0.628</td><td>-0.001</td><td>-0.007</td><td>-0.002</td><td>-0.004</td><td>-0.009</td><td>-0.009</td><td>-0.028</td><td>0.002</td><td>-0.029</td><td>0.733</td><td>-0.038</td><td>0.997</td><td>1.0</td><td>-0.135</td><td>-0.142</td><td>-0.855</td><td>0.172</td><td>-0.212</td><td>0.43</td><td>-0.648</td><td>-0.706</td><td>0.086</td><td>-0.191</td><td>-0.184</td><td>0.994</td><td>0.997</td><td>-0.14</td><td>-0.145</td><td>0.849</td></tr><tr><td>0.043</td><td>0.006</td><td>0.004</td><td>-0.001</td><td>-0.009</td><td>-0.001</td><td>-0.015</td><td>0.013</td><td>-0.376</td><td>-0.001</td><td>-0.003</td><td>-0.001</td><td>-0.003</td><td>-0.004</td><td>-0.006</td><td>-0.017</td><td>-0.0</td><td>-0.018</td><td>0.168</td><td>-0.071</td><td>-0.139</td><td>-0.135</td><td>1.0</td><td>0.99</td><td>-0.2</td><td>0.11</td><td>-0.006</td><td>-0.026</td><td>-0.178</td><td>-0.146</td><td>0.091</td><td>0.044</td><td>0.227</td><td>-0.139</td><td>-0.135</td><td>0.966</td><td>0.959</td><td>0.213</td></tr><tr><td>0.044</td><td>0.006</td><td>0.004</td><td>-0.001</td><td>-0.009</td><td>-0.001</td><td>-0.014</td><td>0.013</td><td>-0.37</td><td>-0.001</td><td>-0.003</td><td>-0.001</td><td>-0.003</td><td>-0.004</td><td>-0.006</td><td>-0.013</td><td>-0.0</td><td>-0.018</td><td>0.159</td><td>-0.07</td><td>-0.14</td><td>-0.142</td><td>0.99</td><td>1.0</td><td>-0.197</td><td>0.096</td><td>-0.003</td><td>-0.023</td><td>-0.176</td><td>-0.144</td><td>0.08</td><td>0.042</td><td>0.222</td><td>-0.14</td><td>-0.142</td><td>0.957</td><td>0.96</td><td>0.211</td></tr><tr><td>0.03</td><td>0.002</td><td>0.002</td><td>0.002</td><td>0.012</td><td>0.001</td><td>0.028</td><td>0.006</td><td>0.723</td><td>0.004</td><td>0.009</td><td>0.005</td><td>0.006</td><td>0.011</td><td>0.01</td><td>0.032</td><td>-0.001</td><td>0.031</td><td>-0.84</td><td>0.056</td><td>-0.854</td><td>-0.855</td><td>-0.2</td><td>-0.197</td><td>1.0</td><td>-0.374</td><td>0.241</td><td>-0.497</td><td>0.756</td><td>0.823</td><td>-0.193</td><td>0.166</td><td>0.212</td><td>-0.854</td><td>-0.856</td><td>-0.198</td><td>-0.2</td><td>-0.941</td></tr><tr><td>0.068</td><td>-0.001</td><td>-0.001</td><td>0.001</td><td>-0.006</td><td>-0.001</td><td>0.002</td><td>-0.003</td><td>-0.273</td><td>-0.002</td><td>-0.003</td><td>-0.001</td><td>-0.001</td><td>-0.003</td><td>-0.002</td><td>-0.008</td><td>0.01</td><td>0.005</td><td>0.222</td><td>-0.064</td><td>0.163</td><td>0.172</td><td>0.11</td><td>0.096</td><td>-0.374</td><td>1.0</td><td>-0.069</td><td>0.177</td><td>-0.324</td><td>-0.345</td><td>0.404</td><td>0.091</td><td>-0.073</td><td>0.163</td><td>0.173</td><td>0.094</td><td>0.097</td><td>0.239</td></tr><tr><td>-0.044</td><td>-0.001</td><td>-0.001</td><td>0.012</td><td>-0.011</td><td>-0.001</td><td>-0.019</td><td>-0.005</td><td>0.151</td><td>-0.003</td><td>-0.005</td><td>-0.004</td><td>-0.004</td><td>-0.001</td><td>-0.006</td><td>0.014</td><td>-0.001</td><td>-0.025</td><td>-0.239</td><td>-0.086</td><td>-0.213</td><td>-0.212</td><td>-0.006</td><td>-0.003</td><td>0.241</td><td>-0.069</td><td>1.0</td><td>-0.212</td><td>0.12</td><td>0.174</td><td>-0.068</td><td>0.04</td><td>0.143</td><td>-0.211</td><td>-0.213</td><td>-0.006</td><td>-0.013</td><td>-0.22</td></tr><tr><td>0.074</td><td>-0.002</td><td>0.0</td><td>-0.008</td><td>0.02</td><td>-0.002</td><td>-0.011</td><td>-0.008</td><td>-0.399</td><td>-0.003</td><td>-0.003</td><td>-0.003</td><td>-0.005</td><td>-0.008</td><td>-0.006</td><td>0.015</td><td>0.001</td><td>-0.016</td><td>0.457</td><td>0.124</td><td>0.43</td><td>0.43</td><td>-0.026</td><td>-0.023</td><td>-0.497</td><td>0.177</td><td>-0.212</td><td>1.0</td><td>-0.36</td><td>-0.482</td><td>0.179</td><td>-0.23</td><td>-0.443</td><td>0.432</td><td>0.432</td><td>-0.032</td><td>-0.028</td><td>0.474</td></tr><tr><td>-0.143</td><td>-0.003</td><td>-0.001</td><td>-0.007</td><td>-0.028</td><td>-0.003</td><td>-0.055</td><td>-0.013</td><td>0.728</td><td>-0.009</td><td>-0.002</td><td>-0.011</td><td>-0.013</td><td>-0.019</td><td>-0.016</td><td>0.013</td><td>-0.002</td><td>-0.071</td><td>-0.601</td><td>0.11</td><td>-0.648</td><td>-0.648</td><td>-0.178</td><td>-0.176</td><td>0.756</td><td>-0.324</td><td>0.12</td><td>-0.36</td><td>1.0</td><td>0.932</td><td>-0.458</td><td>-0.131</td><td>0.079</td><td>-0.651</td><td>-0.651</td><td>-0.178</td><td>-0.179</td><td>-0.744</td></tr><tr><td>-0.152</td><td>-0.003</td><td>-0.001</td><td>0.003</td><td>-0.029</td><td>-0.003</td><td>-0.043</td><td>-0.004</td><td>0.731</td><td>-0.006</td><td>0.002</td><td>-0.009</td><td>-0.01</td><td>-0.016</td><td>-0.013</td><td>0.019</td><td>-0.002</td><td>-0.057</td><td>-0.663</td><td>0.094</td><td>-0.706</td><td>-0.706</td><td>-0.146</td><td>-0.144</td><td>0.823</td><td>-0.345</td><td>0.174</td><td>-0.482</td><td>0.932</td><td>1.0</td><td>-0.475</td><td>-0.049</td><td>0.183</td><td>-0.71</td><td>-0.709</td><td>-0.147</td><td>-0.145</td><td>-0.793</td></tr><tr><td>0.431</td><td>0.001</td><td>0.006</td><td>-0.001</td><td>0.04</td><td>0.002</td><td>0.009</td><td>0.001</td><td>-0.337</td><td>0.006</td><td>0.0</td><td>0.006</td><td>0.009</td><td>0.008</td><td>0.002</td><td>-0.004</td><td>-0.0</td><td>0.014</td><td>0.149</td><td>-0.09</td><td>0.08</td><td>0.086</td><td>0.091</td><td>0.08</td><td>-0.193</td><td>0.404</td><td>-0.068</td><td>0.179</td><td>-0.458</td><td>-0.475</td><td>1.0</td><td>0.459</td><td>-0.054</td><td>0.081</td><td>0.087</td><td>0.105</td><td>0.081</td><td>0.165</td></tr><tr><td>0.34</td><td>0.001</td><td>0.006</td><td>0.018</td><td>0.025</td><td>0.0</td><td>-0.014</td><td>-0.001</td><td>-0.157</td><td>0.0</td><td>-0.0</td><td>-0.001</td><td>0.004</td><td>0.0</td><td>0.023</td><td>-0.016</td><td>-0.0</td><td>-0.018</td><td>-0.167</td><td>0.026</td><td>-0.191</td><td>-0.191</td><td>0.044</td><td>0.042</td><td>0.166</td><td>0.091</td><td>0.04</td><td>-0.23</td><td>-0.131</td><td>-0.049</td><td>0.459</td><td>1.0</td><td>0.233</td><td>-0.191</td><td>-0.191</td><td>0.048</td><td>0.036</td><td>-0.122</td></tr><tr><td>-0.036</td><td>-0.0</td><td>-0.0</td><td>0.061</td><td>-0.005</td><td>0.002</td><td>-0.018</td><td>-0.001</td><td>-0.012</td><td>0.009</td><td>0.011</td><td>0.007</td><td>0.009</td><td>0.004</td><td>-0.0</td><td>-0.013</td><td>-0.0</td><td>-0.022</td><td>-0.202</td><td>-0.062</td><td>-0.184</td><td>-0.184</td><td>0.227</td><td>0.222</td><td>0.212</td><td>-0.073</td><td>0.143</td><td>-0.443</td><td>0.079</td><td>0.183</td><td>-0.054</td><td>0.233</td><td>1.0</td><td>-0.184</td><td>-0.184</td><td>0.236</td><td>0.243</td><td>-0.127</td></tr><tr><td>-0.048</td><td>-0.001</td><td>-0.002</td><td>0.01</td><td>-0.013</td><td>-0.001</td><td>-0.025</td><td>-0.003</td><td>-0.628</td><td>-0.001</td><td>-0.007</td><td>-0.001</td><td>-0.003</td><td>-0.005</td><td>-0.009</td><td>-0.027</td><td>-0.001</td><td>-0.029</td><td>0.729</td><td>-0.037</td><td>0.996</td><td>0.994</td><td>-0.139</td><td>-0.14</td><td>-0.854</td><td>0.163</td><td>-0.211</td><td>0.432</td><td>-0.651</td><td>-0.71</td><td>0.081</td><td>-0.191</td><td>-0.184</td><td>1.0</td><td>0.995</td><td>-0.144</td><td>-0.143</td><td>0.848</td></tr><tr><td>-0.048</td><td>-0.001</td><td>-0.002</td><td>0.006</td><td>-0.015</td><td>-0.001</td><td>-0.026</td><td>-0.003</td><td>-0.629</td><td>-0.001</td><td>-0.006</td><td>-0.001</td><td>-0.003</td><td>-0.006</td><td>-0.009</td><td>-0.027</td><td>0.002</td><td>-0.03</td><td>0.735</td><td>-0.038</td><td>0.995</td><td>0.997</td><td>-0.135</td><td>-0.142</td><td>-0.856</td><td>0.173</td><td>-0.213</td><td>0.432</td><td>-0.651</td><td>-0.709</td><td>0.087</td><td>-0.191</td><td>-0.184</td><td>0.995</td><td>1.0</td><td>-0.14</td><td>-0.145</td><td>0.85</td></tr><tr><td>0.029</td><td>-0.0</td><td>0.005</td><td>-0.001</td><td>0.017</td><td>-0.001</td><td>-0.014</td><td>0.01</td><td>-0.362</td><td>-0.001</td><td>-0.003</td><td>-0.001</td><td>-0.002</td><td>-0.004</td><td>-0.005</td><td>-0.016</td><td>-0.0</td><td>-0.016</td><td>0.169</td><td>-0.065</td><td>-0.143</td><td>-0.14</td><td>0.966</td><td>0.957</td><td>-0.198</td><td>0.094</td><td>-0.006</td><td>-0.032</td><td>-0.178</td><td>-0.147</td><td>0.105</td><td>0.048</td><td>0.236</td><td>-0.144</td><td>-0.14</td><td>1.0</td><td>0.961</td><td>0.211</td></tr><tr><td>0.042</td><td>0.005</td><td>0.005</td><td>-0.001</td><td>-0.009</td><td>-0.001</td><td>-0.014</td><td>0.011</td><td>-0.351</td><td>-0.001</td><td>-0.004</td><td>-0.001</td><td>-0.003</td><td>-0.003</td><td>-0.006</td><td>-0.017</td><td>-0.0</td><td>-0.017</td><td>0.162</td><td>-0.067</td><td>-0.143</td><td>-0.145</td><td>0.959</td><td>0.96</td><td>-0.2</td><td>0.097</td><td>-0.013</td><td>-0.028</td><td>-0.179</td><td>-0.145</td><td>0.081</td><td>0.036</td><td>0.243</td><td>-0.143</td><td>-0.145</td><td>0.961</td><td>1.0</td><td>0.213</td></tr><tr><td>-0.017</td><td>0.003</td><td>0.002</td><td>0.005</td><td>0.055</td><td>-0.001</td><td>-0.009</td><td>0.004</td><td>-0.732</td><td>-0.003</td><td>-0.005</td><td>-0.005</td><td>-0.006</td><td>-0.011</td><td>-0.009</td><td>-0.033</td><td>-0.001</td><td>-0.024</td><td>0.832</td><td>0.038</td><td>0.848</td><td>0.849</td><td>0.213</td><td>0.211</td><td>-0.941</td><td>0.239</td><td>-0.22</td><td>0.474</td><td>-0.744</td><td>-0.793</td><td>0.165</td><td>-0.122</td><td>-0.127</td><td>0.848</td><td>0.85</td><td>0.211</td><td>0.213</td><td>1.0</td></tr></tbody></table></div>"]}}],"execution_count":4},{"cell_type":"code","source":["#Correlation summary\n#Relaciones 1-1\t\t\t\n#num_root\tnum_compromised\t\t\n\n#Relaciones 1-n\t\t\t\n#count\t\t\t\t\t\t\tsrv_count\t\t\n#dst_host_same_src_port_rate\tsrv_count\tcount\t\n#srv_count\t\t\t\t\t\tcount\t\t\n#serror_rate\t\t\t\n#srv_serror_rate\t\t\t\tserror_rate\t\t\n#rerror_rate\t\t\t\n#srv_rerror_rate\t\t\t\trerror_rate\t\t\n#same_srv_rate\t\t\t\n#dst_host_srv_count\t\t\t\tsame_srv_rate\t\t\n#dst_host_same_srv_rate\t\t\tsame_srv_rate\tdst_host_srv_count\t\n#dst_host_serror_rate\t\t\tserror_rate\tsrv_serror_rate\t\n#dst_host_srv_serror_rate\t\tserror_rate\tsrv_serror_rate\tdst_host_serror_rate\n#dst_host_rerror_rate\t\t\trerror_rate\tsrv_rerror_rate\t\n#dst_host_srv_rerror_rate\t\trerror_rate\tsrv_rerror_rate\tdst_host_rerror_rate\n\n#Test Area Under ROC 0.9097425143129242\n#columnsToRemoveAfterCorrelation=['num_compromised', 'count', 'dst_host_same_src_port_rate', 'serror_rate', 'srv_serror_rate', 'rerror_rate', 'srv_rerror_rate', 'same_srv_rate', 'dst_host_srv_count', 'dst_host_serror_rate', 'dst_host_rerror_rate']\n\n#Test Area Under ROC 0.9097435843059153\ncolumnsToRemoveAfterCorrelation=['count', 'dst_host_same_src_port_rate', 'srv_serror_rate', 'srv_rerror_rate', 'dst_host_srv_count', 'dst_host_same_srv_rate', 'dst_host_serror_rate', 'dst_host_srv_serror_rate', 'dst_host_rerror_rate', 'dst_host_srv_rerror_rate']\n\n\ncols=Diff(cols,columnsToRemoveAfterCorrelation)\nnumericCols=Diff(numericCols,columnsToRemoveAfterCorrelation)\nprint(numericCols)"],"metadata":{},"outputs":[{"metadata":{},"output_type":"display_data","data":{"text/html":["<style scoped>\n  .ansiout {\n    display: block;\n    unicode-bidi: embed;\n    white-space: pre-wrap;\n    word-wrap: break-word;\n    word-break: break-all;\n    font-family: \"Source Code Pro\", \"Menlo\", monospace;;\n    font-size: 13px;\n    color: #555;\n    margin-left: 4px;\n    line-height: 19px;\n  }\n</style>\n<div class=\"ansiout\">[&apos;duration&apos;, &apos;src_bytes&apos;, &apos;dst_bytes&apos;, &apos;land&apos;, &apos;wrong_fragment&apos;, &apos;urgent&apos;, &apos;hot&apos;, &apos;num_failed_logins&apos;, &apos;logged_in&apos;, &apos;num_compromised&apos;, &apos;root_shell&apos;, &apos;su_attempted&apos;, &apos;num_root&apos;, &apos;num_file_creations&apos;, &apos;num_shells&apos;, &apos;num_access_files&apos;, &apos;is_host_login&apos;, &apos;is_guest_login&apos;, &apos;srv_count&apos;, &apos;serror_rate&apos;, &apos;rerror_rate&apos;, &apos;same_srv_rate&apos;, &apos;diff_srv_rate&apos;, &apos;srv_diff_host_rate&apos;, &apos;dst_host_count&apos;, &apos;dst_host_diff_srv_rate&apos;, &apos;dst_host_srv_diff_host_rate&apos;]\n</div>"]}}],"execution_count":5},{"cell_type":"code","source":["\n#characterischs low correlated with label = 0. These which doesn't add any further information\ncolumnsToRemoveAfertEDALowCorrelatedWithLabel = ['src_bytes', 'dst_host_rerror_rate']\n"],"metadata":{},"outputs":[{"metadata":{},"output_type":"display_data","data":{"text/html":["<style scoped>\n  .ansiout {\n    display: block;\n    unicode-bidi: embed;\n    white-space: pre-wrap;\n    word-wrap: break-word;\n    word-break: break-all;\n    font-family: \"Source Code Pro\", \"Menlo\", monospace;;\n    font-size: 13px;\n    color: #555;\n    margin-left: 4px;\n    line-height: 19px;\n  }\n</style>\n<div class=\"ansiout\"></div>"]}}],"execution_count":6}],"metadata":{"name":"TFM_03_correlation","notebookId":791043450491584},"nbformat":4,"nbformat_minor":0}
